804 0.728635406549567 0.011464724267979
805 0.552727338632996 0.0144413154203626
806 0.621643476206643 0.0206519109435487
807 0.573598769187847 0.0338337141675925
808 0.33639830435463 0.0129081305758544
809 0.704249032847732 0.00925380998529727
810 0.702559894478364 0.0177309814254192
811 0.616889045549764 0.00734242747109708
812 0.674622172090959 0.005685810836332
813 0.660503948367471 0.0126301017363285
814 0.811139089207151 0.0245698103939779
815 0.554912183388062 0.0301220278909072
816 0.579373545733098 0.0218919271198886
817 0.723998885044173 0.0233337210377333
818 0.616326100009231 0.0198343841112557
819 0.652119377258113 0.00688452886512165
820 0.663828807352068 0.0224058099415315
821 0.629555371882544 0.0275522106096103
822 0.674668514299011 0.0292652637099904
823 0.720046575555401 0.0294370590584209
824 0.564029224155241 0.0147259661631808
825 0.615774545160705 0.0264238341341299
826 0.561219815470542 0.00656754885840187
827 0.692123279089664 0.0222968883371481
828 0.619396808509291 0.0220383600107354
829 0.657310231420142 0.0131434347615792
830 0.687962959552535 0.00741319512289552
831 0.646145523910089 0.0165468015943771
832 0.66397185923209 0.013707825030515
833 0.63781666345488 0.00682229123736937
834 0.582760442428933 0.00652276162680459
835 0.586966370705964 0.0302071358610813
836 0.73281516382782 0.0174442032817134
837 0.715736864082772 0.0114222146450471
838 0.606079071367102 0.0090120791483318
839 0.6255882259862 0.00877973569217578
840 0.665952396662804 0.0127179949260413
841 0.68893315609808 0.00582174447283223
842 0.729322154591129 0.00769547553973606
843 0.44725664678092 0.0178697112541948
844 0.324652478077451 0.011621814317358
845 0.672274240903927 0.0223886134233211
846 0.678777562341445 0.00558334355492951
847 0.517134384767885 0.0132166070004378
848 0.677230356278644 0.0222111907827035
849 0.209033065885603 0.0170108379726537
850 0.418231136368974 0.00608824541150886
851 0.434155494586963 0.031097263681257
852 0.186635758723193 0.020487719573075
853 0.323820347273561 0.0208262514069744
854 0.411361905013995 0.0365500690338523
855 0.236830784103411 0.00753145014859496
856 0.224830859830821 0.00671673930026807
857 0.330590149165743 0.0199346201735188
858 0.244841853807394 0.00777494211948012
859 0.365892988700433 0.0199767301478614
860 0.284454236730673 0.024301313951249
861 0.346256510515005 0.00991387693425142
862 0.38865043046165 0.0115784180209576
863 0.531951965673434 0.0145475884245145
864 0.79171929006153 0.0177570219641338
865 0.54896419414249 0.0175673100643779
866 0.104549161029446 0.0124826227484846
867 0.168270930844173 0.0161461188437112
868 0.147890096742311 0.0126114284252207
869 0.782247306189037 0.0177497054770062
870 0.365514469186249 0.023979114627464
871 0.216259330432722 0.0248042094719354
872 0.203053506112983 0.0110912228003078
873 0.136933257908358 0.0154682070667246
874 0.768506253415305 0.0200344945983722
875 0.259000541230527 0.0218446158229096
876 0.392123536093476 0.00731028574114905
877 0.0977736066538678 0.0158128983190866
878 0.598769899864749 0.00972420164395612
879 0.2170392541157 0.0198700057833834
880 0.530748175525158 0.0183473897211238
881 0.222183780424589 0.0226588587806785
882 0.104563496269146 0.0133648113764026
883 0.152006919967533 0.0149100761316521
884 0.259381254580665 0.0189462317742219
885 0.756902715448101 0.0115017042835894
886 0.161897325421643 0.0232053332473273
887 0.283600635434626 0.0110104889309053
888 0.667160323989819 0.02615638117765
889 0.193246577115995 0.026026067137752
890 0.129088446801969 0.0160845583054802
891 0.105806293238958 0.0140174753626037
892 0.304981619872417 0.0241932356974767
893 0.651448290531502 0.0127978163551052
894 0.525137238143482 0.0106279004399261
895 0.142047397893958 0.0111800445814007
896 0.152374483998381 0.0168556261767982
897 0.142638600676013 0.0160873402702043
898 0.228745316396478 0.00902881524403385
899 0.156603820140468 0.0255829960071963
900 0.116540222294279 0.010383947986792
901 0.140989876494849 0.0136570430565943
902 0.182768344742227 0.0254501263464673
903 0.209791643509076 0.0229529703045191
904 0.259186252898965 0.014326259527922
905 0.35373024703722 0.0225502111816953
906 0.291512076878335 0.0172761236563034
907 0.569976237753753 0.00683066075312685
908 0.110927437995793 0.0158287520049991
909 0.218879456976487 0.0135785844700584
910 0.727568262132557 0.00793242787018342
911 0.564517250936466 0.0223406857107135
912 0.274468410492874 0.0139870692863172
913 0.111219601153242 0.0178515451307506
914 0.119002650122989 0.0129738996741926
915 0.0984026656946704 0.0140686702498813
916 0.0962266708415737 0.0155534515816641
917 0.530301110925858 0.00629659288900746
918 0.472079720303651 0.010079102527256
919 0.644640326641369 0.0144624556343999
920 0.377241707988294 0.0146731541561889
921 0.70546612749557 0.0140340047004765
922 0.57829974059451 0.00713665735682116
923 0.586255871563977 0.0199036208917271
924 0.356827583092326 0.0229279344567802
925 0.335202316141736 0.0278734894807578
926 0.259726857162124 0.00979874848056378
927 0.490250140551133 0.0225635506742016
928 0.696482454979429 0.0116519364888758
929 0.421040193177808 0.0186203460216538
930 0.487326229629708 0.012620157991782
931 0.508853296483669 0.0328776016045754
932 0.585081913661166 0.0108769083107818
933 0.50488026678502 0.0266154075083072
934 0.699793042593247 0.0141200459030944
935 0.695383327974797 0.0104965986490334
936 0.593943062167015 0.0193945622061803
937 0.335746240693084 0.0194731088476518
938 0.79558812036334 0.0116689156245411
939 0.452307761108607 0.0286467791134242
940 0.345142876410804 0.0302905086397256
941 0.554797191300496 0.0299952706408095
942 0.553440728379729 0.0245535038719741
943 0.607501140339205 0.010340099391209
944 0.153300596405203 0.0113586534107854
945 0.521550926583445 0.0185311446744897
946 0.718824163373159 0.0163094344007614
947 0.62343745155378 0.0164778257054761
948 0.607552909623667 0.0273717730010073
949 0.620333685673386 0.0143688516668496
950 0.626344106696467 0.0227732835401694
951 0.562487248245322 0.0300153089087574
952 0.600047118556538 0.0231770023766981
953 0.605489924793833 0.0143121382709992
954 0.578401222520848 0.0282043121226078
955 0.64042356015294 0.0236050143749775
956 0.586157535080544 0.0113898493325082
957 0.661082489636674 0.0172510166599868
958 0.645442175686201 0.0278126179423959
959 0.561943395036955 0.0233387815580906
960 0.688346045633412 0.0153517023720851
961 0.256834796548489 0.0327821566112029
962 0.54657452006625 0.0312293828682613
963 0.607635672389811 0.0173953981825643
964 0.67962356760001 0.00756336570488531
965 0.621808496477737 0.0242588144606212
966 0.629203633054612 0.0130174446808736
967 0.612370217822888 0.0105937446749573
968 0.784485940058958 0.0346773078344272
969 0.535796221182453 0.0179302696684265
970 0.732924926299921 0.0105897727097601
971 0.642222573121489 0.0187834138888288
972 0.568675767544006 0.00923622729266181
973 0.545163176728595 0.00596620795681681
974 0.585473834676496 0.0291282055272599
975 0.671883375320064 0.0211156192907726
976 0.532318911569457 0.0281647550703601
977 0.662720150448182 0.00612576818980527
978 0.564278533144511 0.0350340676829395
979 0.646319056221532 0.0201644256754518
980 0.691889138202608 0.0188342800036341
981 0.604159510706308 0.00644032363530956
982 0.55255217428152 0.00913546056821817
983 0.620937063311282 0.00856435816106419
984 0.645261485845593 0.0178579120389083
985 0.530143637840251 0.0230962778090376
986 0.72050067053679 0.0215409281997513
987 0.624160869219649 0.0171456400519599
988 0.626146796240042 0.0152341688283074
989 0.634112611627968 0.0183511644748784
990 0.561512421677624 0.00887470998911054
991 0.674416293770754 0.0123550832710189
992 0.657248864222723 0.00609597585057419
993 0.583680134259026 0.0062411020107615
994 0.543691631716371 0.0118358300532762
995 0.607518464164067 0.0135650345405633
996 0.63593043520992 0.0282714578988522
997 0.685883036828692 0.0111841601374805
998 0.341686908314002 0.0238429622466425
999 0.767035659962441 0.0200041540120443
1000 0.748029174416983 0.00918855222569685
1001 0.55536370574785 0.0117804059039928
1002 0.750979106741477 0.00813155991822388
1003 0.521600823021792 0.0116578425913331
1004 0.544086812071137 0.00900545345800101
1005 0.731861003828133 0.00991368911723107
1006 0.577562146850743 0.0095039420967548
1007 0.599646454772369 0.0134354286429896
1008 0.655150201232413 0.0140495315735305
1009 0.548988408413467 0.0157584831453196
1010 0.784281770210109 0.0273451990074215
1011 0.696683353640238 0.0170793786330857
1012 0.36877486020788 0.0236704946014747
1013 0.534079445007958 0.0143928777618498
1014 0.640354646579016 0.02730698143832
1015 0.730393581006619 0.0178732427328552
1016 0.742956960764095 0.0177675643006612
1017 0.671804301377741 0.021948817085716
1018 0.683006912834138 0.0258988807289183
1019 0.633432145596666 0.0140618224346904
1020 0.678912670481082 0.0103912692586754
1021 0.606191468658249 0.0199935251854421
1022 0.688072972551987 0.0169622618753231
1023 0.558815655398903 0.00836460285273469
1024 0.58444060798495 0.0163544133164019
1025 0.682309491224767 0.0178638147691772
1026 0.644430293514036 0.00804013814778533
1027 0.733306083561772 0.0117553764231041
1028 0.62766852926435 0.0104022059622313
1029 0.667899677931994 0.0130273946316877
1030 0.566369794179179 0.0206318421541111
1031 0.65463765677068 0.00962635838178186
1032 0.527125516976557 0.0102854770453635
1033 0.728558909125068 0.0128971980467532
1034 0.597663790856521 0.00862265930673871
1035 0.672432104268975 0.008726781160536
1036 0.592722586995355 0.00634600104543723
1037 0.606004023037635 0.00823609286346706
1038 0.60553383390938 0.0184199839355495
1039 0.625827254425771 0.0127671437547909
1040 0.648025053376035 0.00618372417772927
1041 0.575244242705065 0.0221643572242817
1042 0.647171739388415 0.00949833096375386
1043 0.655778793256508 0.0144179074275106
1044 0.58869817123031 0.0176703590191026
1045 0.710958765720666 0.00745415412119155
1046 0.613261735518209 0.00889210474414382
1047 0.602274428251869 0.0113892636725227
1048 0.58249972686834 0.00639262323377726
1049 0.493867477433755 0.00995065067196674
1050 0.591093184588399 0.0097477331612127
1051 0.537162705239554 0.0149724494002227
1052 0.468436702443787 0.0124747802702351
1053 0.44424503213691 0.0234398314896476
1054 0.649154575275362 0.00982257185335011
1055 0.62559341082994 0.00923124081223347
1056 0.635922294863587 0.00943814676229367
1057 0.687789656041839 0.0122528611288163
1058 0.545937174797955 0.0141665200085233
1059 0.668735767198954 0.0099631918545191
1060 0.591782563280846 0.0143155542309668
1061 0.74080221054399 0.0216368732741317
1062 0.678820086194739 0.0111901476328862
1063 0.797753449689338 0.0187604241007155
1064 0.692746581833433 0.0277028930051312
1065 0.794660797448696 0.0138391921685626
1066 0.187118023175327 0.0289488082946612
1067 0.418690311157736 0.0178700173200169
1068 0.374352411790137 0.0221356303781281
1069 0.160800004307222 0.0215297210548834
1070 0.230023789895749 0.0199878524911819
